% Load LUH-colors into workspace
LUH_red     = [168 6   0  ]/255; 
LUH_lred    = [220 155 153]/255;
LUH_blue    = [  0  80 155]/255;
LUH_lblue   = [153 185 216]/255;
LUH_green   = [200 211  23]/255;
LUH_lgreen  = [233 237 162]/255;
LUH_gray    = [153 153 153]/255;
LUH_lgray   = [204 204 204]/255;
